object MainForm: TMainForm
  Left = 0
  Top = 0
  Caption = 'Form2'
  ClientHeight = 480
  ClientWidth = 640
  FormFactor.Width = 320
  FormFactor.Height = 480
  FormFactor.Devices = [Desktop]
  DesignerMasterStyle = 0
  object TreeView: TTreeView
    Position.X = 8.000000000000000000
    Position.Y = 8.000000000000000000
    Size.Width = 257.000000000000000000
    Size.Height = 461.000000000000000000
    Size.PlatformDefault = False
    TabOrder = 1
    Viewport.Width = 253.000000000000000000
    Viewport.Height = 457.000000000000000000
  end
end
