object MainForm: TMainForm
  Left = 0
  Top = 0
  Caption = 'Form2'
  ClientHeight = 463
  ClientWidth = 834
  FormFactor.Width = 320
  FormFactor.Height = 480
  FormFactor.Devices = [Desktop]
  OnShow = FormShow
  DesignerMasterStyle = 0
  object LayoutTree: TLayout
    Position.X = 32.000000000000000000
    Position.Y = 36.000000000000000000
    Size.Width = 205.000000000000000000
    Size.Height = 373.000000000000000000
    Size.PlatformDefault = False
    TabOrder = 2
  end
  object LayoutPage: TLayout
    Position.X = 244.000000000000000000
    Position.Y = 36.000000000000000000
    Size.Width = 557.000000000000000000
    Size.Height = 373.000000000000000000
    Size.PlatformDefault = False
    TabOrder = 3
  end
end
