object Form4: TForm4
  Left = 0
  Top = 0
  Caption = 'Form4'
  ClientHeight = 480
  ClientWidth = 640
  FormFactor.Width = 320
  FormFactor.Height = 480
  FormFactor.Devices = [Desktop]
  DesignerMasterStyle = 0
  object Layout1: TLayout
    Position.X = 48.000000000000000000
    Position.Y = 36.000000000000000000
    Size.Width = 89.000000000000000000
    Size.Height = 369.000000000000000000
    Size.PlatformDefault = False
    TabOrder = 1
  end
end
